5 days ago
 878 00
 864 01
 871 02
 875 03
 872 04
 865 05
 870 06
 857 07
 891 08
 893 09
 920 10
 926 11
 904 12
 906 13
 882 14
 860 15
 846 16
 836 17
 870 18
 860 19
 863 20
 858 21
 861 22
 855 23
4 days ago
 866 00
 860 01
 854 02
 869 03
 855 04
 871 05
 863 06
 865 07
 903 08
 906 09
 909 10
 917 11
 890 12
 881 13
 855 14
 840 15
 843 16
 871 17
 867 18
 873 19
 869 20
 871 21
 867 22
 860 23
3 days ago
 865 00
 860 01
 861 02
 873 03
 860 04
 860 05
 887 06
 905 07
 910 08
 913 09
 927 10
 912 11
 905 12
 915 13
 892 14
 884 15
 865 16
 864 17
 866 18
 905 19
 900 20
 894 21
 880 22
 877 23
2 days ago
 873 00
 873 01
 868 02
 867 03
 891 04
 885 05
 891 06
 899 07
 913 08
 931 09
 922 10
 919 11
 930 12
 913 13
 903 14
 893 15
 881 16
 889 17
 885 18
 883 19
 886 20
 886 21
 882 22
 878 23
1 days ago
 884 00
 896 01
 885 02
 886 03
 896 04
 899 05
 912 06
 916 07
 935 08
 934 09
 924 10
 950 11
 928 12
 924 13
 919 14
 905 15
 900 16
 893 17
 904 18
 900 19
 893 20
 893 21
 902 22
 906 23
